{"rm_object_type":"com.rapidminer.operator.visualization.dependencies.NumericalMatrix","rm_object_version":"10.4.0","matrix":[[1.0,-0.017946206683920874,0.0072334149585393335,-0.008306291820212105,-0.005384839046796844,0.0076918988090213325,0.0023514244025353613,-0.007183132243807468,-0.0023155162754185557,0.0070363924009100584,-0.014261032247667865,8.627427099873047E-4,-3.497416053123895E-4,0.023085115671776398,-0.006973337482199336,0.0024356655949899168,0.004825416279394973,-7.380320419551683E-4,-0.00884880411202907,-0.13180697307066755],[-0.017946206683920874,1.0,0.007207139768480354,-0.013714441990620545,-0.0015060204554314843,-0.003086199635902753,-0.0035384356223014603,4.850116299124903E-4,0.008722734519640828,0.018906837041515218,0.011025027684189307,0.0023521025255730317,0.009833317333865063,0.015877335588469495,-0.006622396489176078,-0.0013895379372017157,0.0066978382133438576,0.0016840822278607456,0.001833863019547401,0.1638949262331327],[0.0072334149585393335,0.007207139768480354,1.0,0.004842123506190997,-0.009401560318111556,0.004878323136081888,0.011658446178264514,0.02399222391795089,0.006706593140759615,0.002539587202291062,-0.003950632056002651,-0.009545704365025746,0.0133749707611493,-0.016953519801824635,0.019853526320102406,0.005043060924689874,0.010185144696483886,0.0038874727197478055,-0.002914048070944941,0.0073274829225004655],[-0.008306291820212105,-0.013714441990620545,0.004842123506190997,1.0,6.150340876819611E-5,0.0035575088427403276,0.00899125663617351,0.020137395236481944,0.006026909946522905,0.0029772037162835697,0.007717165216349876,-0.0031980472364506974,-7.88659671201236E-4,0.013727101040709054,0.024003868404436145,0.009326206120818407,-0.005150715207647999,0.014259909243399557,0.006072892189161566,0.026564027154527055],[-0.005384839046796844,-0.0015060204554314843,-0.009401560318111556,6.150340876819611E-5,1.0,-0.010794986942598745,-0.008227393186603002,0.0224674495767987,-0.012783245626441881,-0.0060462174045536245,0.006827543864898245,0.008599584841053061,0.0022392072812393873,2.4802421562118194E-4,-0.005421088612634126,0.0030340818262562645,0.008006216501956978,0.007084882482281478,-0.01332563851721889,-0.14630951484546845],[0.0076918988090213325,-0.003086199635902753,0.004878323136081888,0.0035575088427403276,-0.010794986942598745,1.0,0.7498820916219074,0.003635516482869266,-0.002576937447862578,0.007899261219464528,0.016041241062588626,0.004087115869736019,-0.008236926987424485,-0.006164398000839751,0.5984648196428624,-0.01596628745890846,6.264057453697699E-4,-3.7230721834298215E-4,0.002463485299658938,0.4039895772791553],[0.0023514244025353613,-0.0035384356223014603,0.011658446178264514,0.00899125663617351,-0.008227393186603002,0.7498820916219074,1.0,0.010870166727862245,-0.007589946815760749,0.007204199602515347,0.023323661884307987,0.00210125188571322,-0.00800183622924394,-0.004022426589767707,0.6792017616010383,-0.011637308377006692,-0.0072341553069612255,0.0045587495922401,0.0017133627496834206,0.28295963150003894],[-0.007183132243807468,4.850116299124903E-4,0.02399222391795089,0.020137395236481944,0.0224674495767987,0.003635516482869266,0.010870166727862245,1.0,-0.002842068302279931,-0.0034350482317395178,0.025959008899156526,0.001263480796421357,-0.015322116108675187,0.00438429592569563,0.0020522996469728625,0.011452068162230447,0.0038321574849898214,0.01247409768950904,0.009326844619252192,-0.0382728462808878],[-0.0023155162754185557,0.008722734519640828,0.006706593140759615,0.006026909946522905,-0.012783245626441881,-0.002576937447862578,-0.007589946815760749,-0.002842068302279931,1.0,0.00522720438737534,0.005432840981479633,-4.484983594160806E-4,0.011909849413199971,-0.008655004197730722,-0.007425067302818837,-0.01374295302873269,0.008840109735099874,-0.004193528289538967,-0.01717968645490217,0.19686277354729903],[0.0070363924009100584,0.018906837041515218,0.002539587202291062,0.0029772037162835697,-0.0060462174045536245,0.007899261219464528,0.007204199602515347,-0.0034350482317395178,0.00522720438737534,1.0,-0.002686473334895143,-0.0022146183729969196,-0.0020293103873964243,-0.009833836788860713,-0.0019015765078648171,0.009172141351196053,0.005182320727673319,-5.606618713904708E-4,0.0062244905432003355,-0.08394277641830324],[-0.014261032247667865,0.011025027684189307,-0.003950632056002651,0.007717165216349876,0.006827543864898245,0.016041241062588626,0.023323661884307987,0.025959008899156526,0.005432840981479633,-0.002686473334895143,1.0,-0.015247161896144331,0.016483575689873575,0.018163826829813812,0.012017387138278822,-0.0036876799484040746,0.0034600205413492253,0.004204790169167416,-0.012501404404530196,-0.013711878871722165],[8.627427099873047E-4,0.0023521025255730317,-0.009545704365025746,-0.0031980472364506974,0.008599584841053061,0.004087115869736019,0.00210125188571322,0.001263480796421357,-4.484983594160806E-4,-0.0022146183729969196,-0.015247161896144331,1.0,-1.8796587781892482E-4,9.377379048303387E-4,-0.0010853576980416418,0.005906724131200273,-0.0035319629047779557,0.0030130072051476873,0.0076067247155102635,-0.0014304330201777534],[-3.497416053123895E-4,0.009833317333865063,0.0133749707611493,-7.88659671201236E-4,0.0022392072812393873,-0.008236926987424485,-0.00800183622924394,-0.015322116108675187,0.011909849413199971,-0.0020293103873964243,0.016483575689873575,-1.8796587781892482E-4,1.0,-0.011175055876474183,-0.006637076015829711,0.002298562414993859,0.006892631639661929,-0.0030320619197120595,-0.011912237063422372,-2.652904778237191E-4],[0.023085115671776398,0.015877335588469495,-0.016953519801824635,0.013727101040709054,2.4802421562118194E-4,-0.006164398000839751,-0.004022426589767707,0.00438429592569563,-0.008655004197730722,-0.009833836788860713,0.018163826829813812,9.377379048303387E-4,-0.011175055876474183,1.0,0.015801160176916944,0.0023426118654729217,-0.010318205935745249,0.00674625198563786,0.012798193144654628,0.08158658163208114],[-0.006973337482199336,-0.006622396489176078,0.019853526320102406,0.024003868404436145,-0.005421088612634126,0.5984648196428624,0.6792017616010383,0.0020522996469728625,-0.007425067302818837,-0.0019015765078648171,0.012017387138278822,-0.0010853576980416418,-0.006637076015829711,0.015801160176916944,1.0,-0.0017303287399193265,-0.003942991293761228,0.004934081702167262,-0.0034973596434989835,0.5941712950028853],[0.0024356655949899168,-0.0013895379372017157,0.005043060924689874,0.009326206120818407,0.0030340818262562645,-0.01596628745890846,-0.011637308377006692,0.011452068162230447,-0.01374295302873269,0.009172141351196053,-0.0036876799484040746,0.005906724131200273,0.002298562414993859,0.0023426118654729217,-0.0017303287399193265,1.0,-0.011640050992828131,-0.0032537263883930983,-0.005335370884509771,0.15919337168893974],[0.004825416279394973,0.0066978382133438576,0.010185144696483886,-0.005150715207647999,0.008006216501956978,6.264057453697699E-4,-0.0072341553069612255,0.0038321574849898214,0.008840109735099874,0.005182320727673319,0.0034600205413492253,-0.0035319629047779557,0.006892631639661929,-0.010318205935745249,-0.003942991293761228,-0.011640050992828131,1.0,0.009413907332420573,0.0068041236333090515,0.01298499819522057],[-7.380320419551683E-4,0.0016840822278607456,0.0038874727197478055,0.014259909243399557,0.007084882482281478,-3.7230721834298215E-4,0.0045587495922401,0.01247409768950904,-0.004193528289538967,-5.606618713904708E-4,0.004204790169167416,0.0030130072051476873,-0.0030320619197120595,0.00674625198563786,0.004934081702167262,-0.0032537263883930983,0.009413907332420573,1.0,0.006425948171665087,0.1988873491371461],[-0.00884880411202907,0.001833863019547401,-0.002914048070944941,0.006072892189161566,-0.01332563851721889,0.002463485299658938,0.0017133627496834206,0.009326844619252192,-0.01717968645490217,0.0062244905432003355,-0.012501404404530196,0.0076067247155102635,-0.011912237063422372,0.012798193144654628,-0.0034973596434989835,-0.005335370884509771,0.0068041236333090515,0.006425948171665087,1.0,0.04387802639188372],[-0.13180697307066755,0.1638949262331327,0.0073274829225004655,0.026564027154527055,-0.14630951484546845,0.4039895772791553,0.28295963150003894,-0.0382728462808878,0.19686277354729903,-0.08394277641830324,-0.013711878871722165,-0.0014304330201777534,-2.652904778237191E-4,0.08158658163208114,0.5941712950028853,0.15919337168893974,0.01298499819522057,0.1988873491371461,0.04387802639188372,1.0]],"columnNames":["Body Type","Sex","Diet","How Often Shower","Heating Energy Source","Transport","Vehicle Type","Social Activity","Frequency of Traveling by Air","Waste Bag Size","Energy efficiency","Recycling","Cooking_With","Monthly Grocery Bill","Vehicle Monthly Distance Km","Waste Bag Weekly Count","How Long TV PC Daily Hour","How Many New Clothes Monthly","How Long Internet Daily Hour","CarbonEmission"],"rowNames":["Body Type","Sex","Diet","How Often Shower","Heating Energy Source","Transport","Vehicle Type","Social Activity","Frequency of Traveling by Air","Waste Bag Size","Energy efficiency","Recycling","Cooking_With","Monthly Grocery Bill","Vehicle Monthly Distance Km","Waste Bag Weekly Count","How Long TV PC Daily Hour","How Many New Clothes Monthly","How Long Internet Daily Hour","CarbonEmission"],"name":"Correlation","theoreticalMin":-1.0,"theoreticalMax":1.0,"symmetrical":true,"firstAttributeName":"First Attribute","secondAttributeName":"Second Attribute","isUseless":false,"rm_object_annotations":{}}